onset	duration	trial_type	value	sample
6.014	n/a	Target	2	3007
6.15	n/a	NonTarget	1	3075
6.286	n/a	NonTarget	1	3143
6.422	n/a	NonTarget	1	3211
6.558	n/a	NonTarget	1	3279
6.694	n/a	NonTarget	1	3347
6.83	n/a	Target	2	3415
6.968	n/a	NonTarget	1	3484
7.104	n/a	NonTarget	1	3552
7.24	n/a	Target	2	3620
7.374	n/a	NonTarget	1	3687
7.512	n/a	NonTarget	1	3756
7.648	n/a	NonTarget	1	3824
7.784	n/a	NonTarget	1	3892
7.92	n/a	Target	2	3960
8.056	n/a	NonTarget	1	4028
8.192	n/a	NonTarget	1	4096
8.328	n/a	NonTarget	1	4164
8.464	n/a	NonTarget	1	4232
8.6	n/a	Target	2	4300
8.736	n/a	NonTarget	1	4368
8.872	n/a	Target	2	4436
9.008	n/a	NonTarget	1	4504
9.144	n/a	NonTarget	1	4572
9.282	n/a	NonTarget	1	4641
9.418	n/a	NonTarget	1	4709
9.554	n/a	Target	2	4777
9.69	n/a	NonTarget	1	4845
9.826	n/a	NonTarget	1	4913
9.964	n/a	NonTarget	1	4982
10.1	n/a	NonTarget	1	5050
10.236	n/a	Target	2	5118
10.372	n/a	NonTarget	1	5186
10.508	n/a	Target	2	5254
10.644	n/a	NonTarget	1	5322
10.78	n/a	NonTarget	1	5390
10.916	n/a	NonTarget	1	5458
11.05	n/a	Target	2	5525
11.186	n/a	NonTarget	1	5593
11.322	n/a	NonTarget	1	5661
